nan nan
0.654664 -0.447996
0.661727 -0.450756
0.666868 -0.445332
0.674975 -0.447468
0.679540 -0.444996
0.686778 -0.439425
0.691924 -0.436841
0.696457 -0.433853
0.701324 -0.428137
0.706906 -0.427851
0.712897 -0.428015
0.718229 -0.424465
0.724259 -0.421684
0.729932 -0.424452
0.734770 -0.419621
0.738882 -0.417790
0.744669 -0.418137
0.749071 -0.416091
0.754114 -0.414986
0.759305 -0.414735
0.765053 -0.415624
0.769384 -0.414767
0.775782 -0.415400
0.781092 -0.414528
0.787003 -0.414709
0.792936 -0.410455
0.799354 -0.410018
0.806374 -0.407392
0.813788 -0.406235
0.820746 -0.404337
0.828455 -0.404556
0.834590 -0.400585
0.843168 -0.401839
0.849757 -0.398108
0.858953 -0.398658
0.867375 -0.398528
0.876312 -0.397657
0.883417 -0.397213
0.890011 -0.396176
0.898336 -0.397347
0.906685 -0.397751
0.914584 -0.397986
0.921602 -0.397068
0.937155 -0.397932
0.945541 -0.398540
0.950958 -0.397827
0.953636 -0.393938
0.959815 -0.393388
0.965947 -0.391975
0.974064 -0.393027
0.979672 -0.392870
0.986017 -0.393749
0.992811 -0.393411
1.005637 -0.390972
1.016866 -0.392868
1.022088 -0.391446
1.028325 -0.393255
1.031618 -0.392826
1.038181 -0.391911
1.050468 -0.392908
1.058091 -0.394654
1.063190 -0.394312
1.068686 -0.393756
1.072875 -0.391705
1.082355 -0.392711
1.090374 -0.393696
1.097448 -0.393340
1.105313 -0.393113
1.112052 -0.392026
1.118683 -0.389116
1.130628 -0.387413
1.137099 -0.378898
1.150648 -0.373032
1.158565 -0.363344
1.165127 -0.352485
1.178352 -0.346591
1.192758 -0.326011
1.196387 -0.302095
1.193667 -0.288377
1.192293 -0.274362
1.190059 -0.263191
1.186886 -0.257412
1.184855 -0.254081
1.180810 -0.249878
1.175054 -0.242416
1.177451 -0.236573
1.160987 -0.229028
1.159406 -0.226938
