nan nan 0.000000
0.188710 0.038129 1632087572480.000000
0.188882 0.037099 1632087572480.000000
0.188728 0.035622 1632087572480.000000
0.188692 0.033850 1632087572480.000000
0.188885 0.031712 1632087572480.000000
0.189253 0.029511 1632087572480.000000
0.189297 0.027847 1632087572480.000000
0.189352 0.025990 1632087572480.000000
0.189565 0.025075 1632087572480.000000
0.189404 0.025979 1632087572480.000000
0.190165 0.028842 1632087572480.000000
0.189621 0.030778 1632087572480.000000
0.189943 0.032627 1632087572480.000000
0.189656 0.034105 1632087572480.000000
0.189249 0.035321 1632087572480.000000
0.189217 0.036252 1632087572480.000000
0.188883 0.036973 1632087572480.000000
0.188522 0.037484 1632087572480.000000
0.188562 0.036677 1632087572480.000000
0.188669 0.035688 1632087572480.000000
0.188552 0.033839 1632087572480.000000
0.188451 0.031639 1632087572480.000000
0.188675 0.029674 1632087572480.000000
0.188757 0.028031 1632087572480.000000
0.189281 0.026651 1632087572480.000000
0.189214 0.025466 1632087572480.000000
0.189290 0.023664 1632087572480.000000
0.189420 0.023034 1632087572480.000000
0.189470 0.022421 1632087572480.000000
0.189715 0.023220 1632087572480.000000
0.190327 0.024862 1632087572480.000000
0.189934 0.028481 1632087572480.000000
0.189537 0.029771 1632087572480.000000
0.189353 0.030761 1632087572480.000000
0.189319 0.031569 1632087572480.000000
0.189113 0.032132 1632087572480.000000
0.189214 0.032876 1632087572480.000000
0.189073 0.033423 1632087572480.000000
0.188895 0.034058 1632087572480.000000
0.188785 0.033495 1632087572480.000000
0.188700 0.032773 1632087572480.000000
0.188861 0.031900 1632087572480.000000
0.188673 0.031166 1632087572480.000000
0.188559 0.030552 1632087572480.000000
0.188775 0.029930 1632087572480.000000
0.189012 0.029319 1632087572480.000000
0.189026 0.028357 1632087572480.000000
0.189100 0.027687 1632087572480.000000
